.Random.seed <-
c(403L, 10L, -192600846L, 1908923757L, -1418548569L, -282508082L, 
-606672344L, 96418347L, 444043337L, 1742885208L, -1689581562L, 
1581677025L, 640058227L, 822335458L, 994934612L, 1196012119L, 
-1769053619L, 9405924L, -1872601142L, -415899083L, 640837775L, 
-1687709290L, 1547773248L, 1806907395L, -593057247L, 2023337232L, 
-586915090L, -1751318887L, 812826411L, 14891546L, -1757108004L, 
-398826273L, -1127980363L, 978269260L, -890566494L, 1844168701L, 
704460023L, 201384478L, 360111320L, -1529208773L, 274098649L, 
-1294397592L, -1521630570L, 522849297L, 1667259843L, -864755246L, 
1228990564L, -484849753L, 743033085L, -1974035212L, 669776858L, 
-1612951771L, 542742079L, -1710432826L, 164657744L, -416549261L, 
280361617L, 1449411264L, 1938252958L, -1002354583L, -2102483813L, 
-1385128534L, -420262452L, -222895985L, 271851717L, 311283836L, 
1232563410L, 860554317L, 1606227207L, -1648002834L, -1815717432L, 
1684618955L, 1379610409L, 1584314232L, -614069082L, -1197842751L, 
-2132732077L, -2087070718L, 1985212724L, -2023728457L, 1846249133L, 
1713211332L, 1564471274L, 1301819477L, -358019601L, 1086297590L, 
-443403488L, -574984989L, 940042625L, 989618160L, -696516978L, 
1190707705L, -111654005L, 1017841594L, -174209348L, -1621598721L, 
1074797397L, -1060238228L, 704833730L, -81544419L, -991809129L, 
151841022L, 591002296L, 867583131L, 296043257L, 639894600L, 1299670902L, 
1804411569L, -1693666589L, -1857375822L, -1195441660L, -573998777L, 
-492403683L, 1522907796L, -1374408134L, 1466055813L, 1670472031L, 
1203909094L, -93921168L, 454239123L, -2080349135L, 1935403744L, 
-1350276226L, 348250633L, 889383483L, -544967670L, -511849492L, 
-1768054673L, -1931231323L, 1554335580L, -1380398286L, 1391473197L, 
-1582128921L, -134393330L, -1611436056L, -16215573L, -1056611703L, 
-1070540264L, 1203114310L, 1344020385L, 442716723L, 2074062754L, 
-99800428L, -1593745129L, -1172570355L, -52562396L, 844193290L, 
559507317L, 610431695L, 281789910L, 948046208L, 412631491L, 1251530593L, 
-320803376L, 270720302L, -1843401511L, 1424959211L, 1699857242L, 
-1828940516L, 346678303L, 651962485L, 244741388L, 1887033570L, 
427905469L, -961292745L, 993578206L, -1069164520L, -151058565L, 
-1406466279L, 1443470248L, 119343958L, -1617783855L, -850118781L, 
998056466L, 21738916L, 1138225511L, 1878318781L, 828286516L, 
-591569510L, -1928189467L, 1133843839L, -162390778L, 338544272L, 
-1395929293L, 1928907985L, -1377626496L, -1527169186L, 1892097193L, 
277745499L, -385718934L, 1110845452L, 408813647L, 50231557L, 
-197725764L, 1818350738L, -182038643L, -1673390137L, -839471954L, 
1129757960L, -684680437L, -951601687L, 1129489080L, 1504322918L, 
510770689L, 559417491L, 850924354L, -56595212L, 1908586743L, 
1931735277L, -1760562300L, 38170026L, -1329573099L, -804982353L, 
1107554742L, -1675720736L, -1098234077L, -1566689215L, 420631344L, 
2116655438L, -986715207L, 1387527627L, 1014034042L, 1123550076L, 
-1167127617L, -2088831851L, 1048189612L, -431105918L, 372750429L, 
1788325719L, -494473108L, -810277580L, -2086878574L, 2085148512L, 
-1950789812L, -1501163552L, 2013891490L, -1665619032L, -393062004L, 
-654670660L, 2129834354L, -1300467472L, 1848475716L, -722399912L, 
-1726700998L, -2102517904L, -1861587908L, 1630948116L, 537286082L, 
508679904L, 223802236L, -829943088L, -224930654L, -1644107736L, 
-633190132L, 1104794556L, 1616184626L, -1212694080L, -1913097676L, 
1785972680L, -937237318L, -198141552L, -1187651092L, -263930284L, 
1626401938L, -646956256L, 383279564L, 843709920L, 22179522L, 
1885384744L, -1619403092L, -1690226500L, 2856434L, 813079856L, 
1258472612L, 1645404856L, 1400109402L, 345510288L, 1870040956L, 
1601972500L, 374681410L, 1679593216L, 2102502332L, 1138441040L, 
1827327778L, -1396185784L, 1678755340L, 913596508L, -1733330734L, 
1938699776L, -602064556L, 717833704L, 505111546L, -838374192L, 
424556844L, -687442188L, 27227538L, 97394784L, -117902068L, -1042562336L, 
909616482L, -868382040L, -789630388L, 1435610492L, -1802870478L, 
534830192L, 760005444L, 563345880L, 565492858L, -1276953040L, 
899146428L, -268006572L, -603373502L, -1236543072L, -1486846276L, 
1635943888L, 1848798562L, -427221016L, -1381986356L, -1689486596L, 
-1705878030L, -1928162176L, -854843148L, 497017480L, 1481868090L, 
747310928L, 1061024364L, 817510548L, -170249902L, -761018656L, 
556961484L, -969617248L, 1120331650L, -2071890200L, 1391714028L, 
-2033524676L, -978088334L, 428203120L, -1193602524L, 835928120L, 
-657237990L, -1420196144L, -123220932L, -1637600108L, 1886099586L, 
-1504849984L, -2010085060L, -1714635120L, -1568667614L, -1405757432L, 
-1183908724L, -699554788L, 902726290L, 723886208L, -294722540L, 
877662504L, -1819526598L, -1642339120L, -1364919188L, -398549324L, 
-1326966766L, 386559968L, -420316212L, 1845941728L, -1110427102L, 
1010550056L, 1147444492L, -1005537732L, 1622165746L, -1933695248L, 
-227414204L, 1607214680L, -1531844038L, 598249200L, 800856252L, 
-232846828L, 72010946L, -1718571936L, 370867580L, -2005399344L, 
1955806242L, 1076401832L, 826329996L, 105055676L, 440136754L, 
-39604416L, -1121794892L, -1116356792L, 1931682490L, -1945506032L, 
1602581740L, -290874284L, -718971118L, -1080569952L, -1219603508L, 
1507527520L, -2012830526L, -1564967384L, 453229996L, 1279728444L, 
-362338446L, -1362862288L, 1050600996L, -1672602568L, 1850947802L, 
-1461998192L, -2084390148L, 193520532L, 1889570626L, 2074359296L, 
1300995644L, 547537488L, 559730338L, 604203848L, -1928015348L, 
-64382756L, 1042373202L, 785078400L, 6906708L, -919831064L, 1455447802L, 
1760738128L, 1684909100L, 1626515828L, -1900714350L, 650251872L, 
440428172L, 1439651680L, -192990494L, -1334796120L, 2076122316L, 
-1611677188L, 154343346L, -2033370640L, -1803954748L, -717573288L, 
1033420666L, 1353131440L, 1355910588L, 1407020116L, -81166398L, 
-383199456L, -680258628L, 1170181712L, -427128350L, -1021287064L, 
722699596L, 315743484L, 357831410L, -295621888L, 653926004L, 
1834294280L, -620353094L, -29283376L, -1422244372L, -1240813676L, 
438230738L, 836167730L, -38066688L, 1190610665L, 1166726491L, 
1308768172L, -1008460870L, -538057361L, -708841735L, 1865578382L, 
-1559268772L, -1617293107L, -1521737673L, -508233024L, -1869595234L, 
570953323L, -1364032019L, 1767642202L, 1894245144L, -344536959L, 
1282944563L, -229657516L, -1820675998L, 1541289719L, -703968959L, 
1599369158L, 1777014020L, -232403787L, -1320359009L, 1448477688L, 
840555990L, 1531061347L, -412610523L, 648292290L, -89867088L, 
-510412583L, -186241461L, -94354244L, 2046343914L, -54412513L, 
703804329L, 2050995518L, -1126745044L, -2022147459L, 1646556359L, 
-566783568L, 974470094L, -139368197L, 1956032349L, -600699766L, 
1874573992L, -917486063L, 1119049475L, -1533922812L, 1461238322L, 
-94311801L, -1906012463L, -907306922L, 1848191028L, 107973445L, 
1503607183L, 1477914888L, 1036430118L, -1297914925L, -428354251L, 
-1780681582L, -1250710432L, -140883511L, 793698555L, 848125644L, 
-780856486L, -1587448241L, -56208615L, 2037108014L, 1169446716L, 
1541174445L, 42977111L, -440087904L, 656679934L, -372272437L, 
-991116083L, -1910994950L, -1841374152L, 1610321377L, -1506175341L, 
1990866100L, 1104821698L, -1756590633L, -1212722655L, 839401958L, 
-392046364L, 197453845L, -15460289L, 1697118168L, 1342896630L, 
-1894688253L, 1314196805L, -708642462L, 1560720080L, 1368829433L, 
-521288405L, -1169201508L, -2144181046L, -985690689L, -299028215L, 
-125332962L, -1764007988L, 1482612125L, 576010279L, 1206249040L, 
776893166L, 2123856795L, -864695811L, 201510122L, -2006202488L, 
-1000787663L, -495939165L, 812295588L, -460130222L, 256916391L, 
-1085104143L, 1882393398L, -1509787692L, -38564507L, 1577189743L, 
42113960L, 1651880198L, 1341460531L, -1514699115L, 467762930L, 
-1080127680L, 2011917481L, 2076422427L, 1125091052L, 1029847802L, 
1942569775L, 1449855801L, -1773089458L, -204084324L, -1244274419L, 
-629513353L, 323213184L, 1479525854L, 975723179L, 1338455469L, 
-1947375078L, -2145030952L, -1953836735L, -2058507789L, -1798660076L, 
